27 40 1
0 78 108 119 112 117 115 116 120 113 126 112 130 110 134 110 137 110 139 110 141 110 143 111 144 110 145 110 145 110 144 110 143 109 141 109 140 108 138 109 
115 
136 108 135 108 134 108 131 108 129 108 126 107 122 107 119 105 117 103 115 101 114 98 113 96 112 93 112 90 112 87 113 84 113 81 114 78 113 75 113 72 
115 
111 69 109 67 108 65 104 63 101 60 98 58 95 56 92 53 90 50 88 47 88 45 87 42 88 40 89 38 91 35 93 34 96 32 99 31 101 30 103 30 
115 
105 30 107 30 110 31 112 32 114 32 114 33 115 33 127 37 130 38 132 39 135 42 137 45 139 48 140 50 141 53 142 56 142 59 142 62 141 66 139 69 
115 
137 72 135 75 132 77 129 79 126 79 123 80 120 80 116 79 112 79 108 79 103 78 99 77 87 76 83 75 81 74 82 73 79 71 76 68 74 66 74 64 
115 
74 61 75 59 77 57 79 55 81 53 85 51 88 50 91 49 93 48 95 47 97 45 98 43 100 41 101 39 102 37 104 35 105 33 107 31 110 30 114 28 
115 
117 27 121 27 123 27 126 27 128 27 129 28 131 28 133 29 135 29 135 30 134 30 134 30 133 31 133 31 132 30 131 30 130 30 129 29 129 29 128 28 
115 
127 28 126 27 125 26 123 26 122 25 121 25 119 24 117 24 114 24 111 24 108 25 105 26 103 27 101 28 99 30 96 31 94 33 91 35 88 37 85 40 
115 
83 42 81 45 79 48 77 50 76 53 74 56 74 59 74 63 75 66 77 69 79 72 82 74 81 78 80 80 92 84 96 88 101 91 107 94 112 96 118 98 
115 
124 98 129 98 134 99 138 97 142 96 146 94 149 92 153 89 156 87 159 84 161 81 162 78 162 74 162 71 162 68 162 66 162 62 162 59 161 57 160 55 
115 
159 52 157 50 156 47 154 45 153 43 151 40 148 38 146 36 143 35 140 33 138 32 134 30 131 29 129 28 126 28 124 28 120 29 117 29 115 29 112 29 
115 
110 29 106 30 103 31 100 33 98 34 97 36 95 38 95 40 93 41 92 44 91 46 89 49 88 51 87 54 87 56 86 58 86 61 85 64 86 67 86 70 
115 
88 73 86 76 86 78 97 81 102 83 117 85 120 84 122 84 125 82 128 80 131 79 134 76 137 73 140 70 142 67 145 63 147 60 148 56 150 53 150 50 
115 
150 47 150 44 150 41 149 39 148 37 146 35 145 34 143 32 141 31 140 30 138 30 137 29 136 29 133 29 131 29 129 28 127 28 124 28 117 31 115 33 
115 
114 34 113 36 112 38 112 39 112 41 112 42 112 43 111 44 111 44 112 45 111 45 112 45 112 45 112 45 112 45 112 44 112 43 112 42 112 41 112 40 
115 
111 38 110 36 109 34 108 33 106 31 104 30 102 28 98 28 95 28 93 29 91 29 90 29 90 30 89 30 89 30 89 30 89 30 90 30 90 31 91 31 
115 
93 32 94 32 96 33 98 33 101 33 104 34 107 34 110 34 114 35 114 35 115 35 127 35 131 35 135 36 139 37 142 38 146 40 150 42 154 44 158 46 
115 
161 49 162 51 162 53 162 56 162 98 162 101 161 105 160 108 156 111 152 114 148 116 143 117 138 118 132 118 126 117 120 116 115 115 109 113 104 111 99 108 
115 
95 105 92 101 90 97 85 93 82 91 79 88 81 86 92 84 93 82 94 80 94 78 95 75 95 73 94 71 93 69 93 67 91 65 89 63 87 61 85 59 
115 
83 56 80 54 78 52 76 50 74 48 74 46 74 44 74 42 75 39 76 37 78 35 81 34 83 33 85 32 87 30 89 29 92 27 95 26 98 24 101 24 
115 
104 23 107 23 110 22 112 23 114 23 116 24 119 25 120 25 123 25 125 26 128 27 131 28 135 29 137 30 139 31 141 32 143 34 144 36 145 38 147 40 
115 
147 43 148 46 149 49 150 52 150 56 149 58 148 61 147 65 146 68 144 71 142 75 139 78 136 81 133 83 129 85 126 86 121 87 117 88 111 88 105 87 
115 
99 87 94 85 73 83 72 81 72 80 74 78 70 75 66 72 63 70 61 67 59 63 59 60 59 57 59 54 60 51 61 48 62 45 64 42 66 40 68 37 
115 
70 36 74 34 77 33 79 32 83 31 86 31 89 31 92 30 95 30 98 30 100 30 103 31 105 31 107 32 110 32 114 33 114 33 115 33 129 37 131 37 
115 
134 39 137 41 141 43 144 46 147 49 149 52 151 56 152 59 153 62 152 66 151 70 150 74 149 78 148 83 145 87 142 92 139 95 135 98 131 100 127 103 
115 
123 104 120 104 115 105 110 105 106 104 101 103 97 101 92 99 81 95 76 92 72 89 73 87 73 84 77 81 77 79 80 77 84 76 92 76 93 76 93 76 
115 
93 76 93 76 93 76 94 77 95 78 95 78 96 79 96 80 98 82 99 83 101 85 104 86 107 87 111 88 115 89 121 91 124 92 128 92 131 91 134 91 
115 
