27 40 1
0.002 0.307 0.424405 0.466432 0.437742 0.460609 0.451394 0.454977 0.471606 0.444987 0.493582 0.438018 0.508184 0.433111 0.524032 0.432841 0.536205 0.431884 0.546391 0.431895 0.55357 0.432059 0.56182 0.433856 0.565124 0.43297 0.567207 0.432059 0.567928 0.430984 0.564737 0.429949 0.558642 0.428878 0.554238 0.426102 0.548302 0.42507 0.539964 0.425798 
0.45
0.534844 0.424962 0.529884 0.425058 0.523903 0.42504 0.514631 0.42368 0.506507 0.423984 0.492795 0.421001 0.479128 0.418069 0.46757 0.411045 0.458495 0.404016 0.451665 0.395984 0.446339 0.385168 0.442589 0.375965 0.440475 0.364071 0.439817 0.351992 0.440407 0.340054 0.442717 0.329097 0.444521 0.319075 0.44585 0.307119 0.444981 0.295964 0.442622 0.283066 
0.45
0.436576 0.272944 0.429265 0.263992 0.422806 0.256064 0.409563 0.246864 0.398226 0.237916 0.386163 0.229934 0.373801 0.219989 0.362252 0.210884 0.35395 0.19908 0.346443 0.18707 0.344288 0.176066 0.34349 0.165973 0.346281 0.156949 0.35053 0.148942 0.357535 0.140048 0.366359 0.13296 0.376284 0.126967 0.388077 0.12288 0.397727 0.119979 0.405807 0.119059 
0.45
0.413449 0.119973 0.419981 0.12108 0.430748 0.123944 0.44087 0.126006 0.445549 0.12795 0.448603 0.129964 0.449742 0.132003 0.499995 0.148008 0.510509 0.152085 0.517715 0.156099 0.52907 0.165994 0.539 0.176966 0.545864 0.18801 0.550627 0.198047 0.55319 0.208082 0.556125 0.220967 0.555964 0.231995 0.555186 0.245996 0.551929 0.258964 0.546538 0.270144 
0.45
0.53866 0.284054 0.528502 0.295015 0.518134 0.302048 0.506181 0.30887 0.49528 0.311945 0.482803 0.313974 0.470755 0.314994 0.456511 0.312426 0.439817 0.311081 0.423248 0.309047 0.405293 0.306878 0.387179 0.302884 0.341188 0.298312 0.32733 0.295813 0.320209 0.292182 0.322377 0.28594 0.310973 0.278976 0.300375 0.269089 0.292915 0.260033 0.290803 0.25003 
0.45
0.292385 0.241019 0.296009 0.23194 0.301516 0.223002 0.310423 0.214985 0.319116 0.208937 0.332776 0.202358 0.346524 0.197993 0.356712 0.193969 0.365873 0.18901 0.37223 0.183942 0.379123 0.177011 0.38495 0.169963 0.390628 0.161029 0.395106 0.153067 0.39986 0.145066 0.406447 0.137952 0.413979 0.130897 0.421473 0.123988 0.432534 0.117928 0.445507 0.112895 
0.45
0.459652 0.108905 0.474495 0.106066 0.482866 0.106004 0.492679 0.106743 0.500014 0.108936 0.507039 0.111828 0.51494 0.112905 0.523285 0.114054 0.527399 0.11692 0.5278 0.118896 0.527098 0.119912 0.524855 0.120913 0.522654 0.121864 0.520054 0.121855 0.516465 0.120927 0.512091 0.119038 0.50994 0.118879 0.505906 0.115061 0.504195 0.114969 0.502107 0.112974 
0.45
0.498925 0.110916 0.494135 0.108026 0.489101 0.105046 0.483615 0.102925 0.478067 0.100962 0.473861 0.0998808 0.465666 0.0970123 0.458087 0.0959578 0.448839 0.0942902 0.437011 0.0959808 0.425156 0.098001 0.413042 0.101971 0.403991 0.106952 0.396545 0.110096 0.387524 0.117904 0.377846 0.123979 0.368879 0.130062 0.356562 0.138961 0.343993 0.147974 0.333729 0.157028 
0.45
0.324923 0.16704 0.317488 0.177993 0.311931 0.187933 0.304313 0.197962 0.297765 0.209977 0.292543 0.222014 0.289996 0.234067 0.290907 0.247053 0.296072 0.259964 0.303715 0.270936 0.310873 0.281999 0.320592 0.292012 0.319343 0.30516 0.312617 0.313776 0.36126 0.3311 0.378284 0.345107 0.397929 0.357158 0.418524 0.368102 0.441073 0.376978 0.464062 0.382968 
0.45
0.485136 0.385917 0.506611 0.386277 0.526106 0.386824 0.541741 0.382124 0.55676 0.377006 0.571226 0.369913 0.584054 0.361562 0.598948 0.350856 0.61269 0.340964 0.623893 0.329993 0.631151 0.31809 0.634227 0.30518 0.635492 0.291258 0.635617 0.280144 0.635672 0.269039 0.635644 0.257946 0.635327 0.244899 0.634489 0.233858 0.631639 0.223969 0.627872 0.215019 
0.45
0.622558 0.206003 0.61679 0.196044 0.611139 0.186918 0.604503 0.176013 0.598158 0.168933 0.590065 0.159982 0.581599 0.151957 0.571259 0.143944 0.561895 0.137921 0.550257 0.130074 0.540288 0.125858 0.526795 0.119917 0.515406 0.115936 0.504077 0.112988 0.495439 0.11198 0.486237 0.111915 0.469516 0.113838 0.460661 0.113987 0.450897 0.114128 0.440727 0.115106 
0.45
0.431166 0.116073 0.417313 0.118905 0.405433 0.121942 0.391612 0.12995 0.384034 0.135964 0.379299 0.143019 0.374908 0.150953 0.371462 0.157019 0.367019 0.16403 0.361478 0.173026 0.355672 0.182028 0.351423 0.192002 0.34635 0.201963 0.343695 0.210976 0.342079 0.218992 0.339542 0.228962 0.337293 0.23994 0.335851 0.251982 0.336136 0.262983 0.33851 0.27505 
0.45
0.344592 0.287047 0.336678 0.299303 0.338783 0.307694 0.381165 0.320043 0.398566 0.327124 0.458514 0.334021 0.47158 0.331055 0.47981 0.328778 0.489274 0.322831 0.500914 0.315967 0.512919 0.308914 0.525955 0.299005 0.537041 0.288956 0.548108 0.276933 0.557502 0.263957 0.566554 0.24903 0.574455 0.235873 0.581929 0.221949 0.586786 0.208997 0.589226 0.196955 
0.45
0.588908 0.185027 0.588463 0.173989 0.587258 0.163023 0.583983 0.153046 0.579444 0.14507 0.573336 0.138038 0.567466 0.132936 0.561841 0.127996 0.554119 0.123993 0.547231 0.121008 0.542193 0.119009 0.535835 0.117046 0.531908 0.116896 0.522476 0.115014 0.515585 0.114285 0.506455 0.113064 0.497663 0.113039 0.486272 0.113047 0.459679 0.122845 0.452016 0.128992 
0.45
0.447781 0.135073 0.442889 0.142982 0.440322 0.14902 0.439678 0.156007 0.439793 0.161056 0.440238 0.166802 0.437659 0.169925 0.435679 0.17398 0.436406 0.175073 0.437591 0.176057 0.437443 0.176057 0.437721 0.176975 0.437821 0.176977 0.437627 0.176057 0.437569 0.17599 0.438322 0.17393 0.437998 0.170064 0.438712 0.166983 0.438945 0.162089 0.439203 0.157044 
0.45
0.43658 0.151069 0.432873 0.142001 0.428283 0.13594 0.422863 0.12896 0.416319 0.122044 0.408927 0.117882 0.399338 0.113139 0.385846 0.112063 0.374654 0.112021 0.364353 0.113962 0.356281 0.115046 0.352589 0.117048 0.351644 0.119013 0.350444 0.12004 0.351198 0.120974 0.351064 0.120983 0.351368 0.121035 0.353423 0.121036 0.354811 0.122044 0.358651 0.123083 
0.45
0.363413 0.12598 0.369467 0.12801 0.377213 0.12997 0.386013 0.131044 0.396604 0.132013 0.406829 0.133072 0.418837 0.134083 0.431675 0.135986 0.44593 0.136981 0.448629 0.136971 0.450283 0.136976 0.499298 0.139 0.515055 0.139063 0.528571 0.141909 0.543955 0.145037 0.558467 0.150927 0.570915 0.157022 0.586043 0.164982 0.601623 0.172984 0.617962 0.182984 
0.45
0.630684 0.194751 0.634805 0.202793 0.635833 0.208 0.636 0.22 0.635879 0.38413 0.63542 0.397313 0.632609 0.411288 0.625493 0.424101 0.612033 0.437077 0.59652 0.447031 0.580389 0.454065 0.560631 0.459874 0.542005 0.461162 0.517289 0.461083 0.494174 0.459032 0.47251 0.455042 0.449843 0.449936 0.428317 0.443872 0.407416 0.43495 0.389304 0.423976 
0.45
0.374267 0.410977 0.362402 0.397011 0.353455 0.382046 0.335731 0.366111 0.32326 0.355809 0.308991 0.344684 0.317721 0.336806 0.360354 0.32896 0.363652 0.322029 0.367193 0.315923 0.369907 0.306959 0.371925 0.296047 0.372344 0.287013 0.370097 0.27897 0.366493 0.270988 0.363782 0.264015 0.358081 0.255103 0.3514 0.248023 0.34317 0.240002 0.334118 0.231031 
0.45
0.324675 0.221988 0.314377 0.212976 0.305631 0.204069 0.297971 0.196012 0.292875 0.18803 0.290009 0.180046 0.289375 0.172113 0.290127 0.165022 0.294446 0.15597 0.299959 0.146981 0.306877 0.139967 0.31679 0.134016 0.324729 0.129978 0.332291 0.125936 0.341684 0.120922 0.350872 0.115874 0.362688 0.108938 0.373817 0.102881 0.385509 0.0969546 0.395737 0.0938888 
0.45
0.408143 0.0909552 0.418686 0.0899627 0.430309 0.0890606 0.440657 0.0900456 0.447561 0.0919472 0.456886 0.0948573 0.465935 0.0978264 0.472224 0.0989922 0.480861 0.10103 0.491526 0.10396 0.502014 0.106975 0.514972 0.109996 0.528235 0.113937 0.537026 0.117958 0.546255 0.122975 0.552799 0.12804 0.56026 0.135986 0.564444 0.142986 0.569726 0.15099 0.574348 0.160009 
0.45
0.577627 0.169191 0.581545 0.180024 0.585691 0.192002 0.587348 0.204994 0.587565 0.21893 0.584566 0.230016 0.580729 0.241984 0.57678 0.254034 0.572265 0.267045 0.566289 0.281027 0.556667 0.29499 0.546252 0.307019 0.534537 0.317009 0.522037 0.326055 0.506425 0.333936 0.493326 0.33712 0.474034 0.341141 0.457194 0.344043 0.435614 0.344168 0.412823 0.343244 
0.45
0.389884 0.340048 0.369079 0.335935 0.286932 0.325748 0.283381 0.320071 0.282719 0.313627 0.291852 0.304986 0.276779 0.295972 0.260709 0.285065 0.248027 0.274043 0.238384 0.261974 0.232816 0.249011 0.230702 0.236981 0.232101 0.224075 0.23425 0.214843 0.235945 0.203004 0.239767 0.190091 0.244115 0.177968 0.251007 0.166028 0.25891 0.156934 0.267902 0.148002 
0.45
0.276567 0.142872 0.291681 0.133939 0.301137 0.129968 0.312004 0.126962 0.324779 0.123971 0.339578 0.122028 0.348808 0.121861 0.360874 0.119974 0.372266 0.118977 0.384211 0.119057 0.393211 0.121032 0.403749 0.122987 0.413398 0.124963 0.421848 0.12601 0.432562 0.127997 0.445853 0.130899 0.448369 0.131969 0.449774 0.132041 0.503949 0.145009 0.515442 0.148087 
0.45
0.525586 0.153058 0.538966 0.16105 0.552874 0.17099 0.564693 0.18196 0.575605 0.193034 0.585425 0.206013 0.59134 0.218918 0.595509 0.232006 0.598255 0.246078 0.597464 0.260955 0.592655 0.27399 0.588635 0.290007 0.584091 0.30694 0.578144 0.324942 0.568673 0.342973 0.556851 0.359925 0.543927 0.372158 0.528999 0.385059 0.514073 0.394033 0.4975 0.402901 
0.45
0.48371 0.407022 0.469053 0.410145 0.449819 0.413358 0.432577 0.411123 0.41479 0.408845 0.397197 0.404024 0.379406 0.397039 0.36278 0.389034 0.318774 0.373155 0.299377 0.361818 0.283645 0.350968 0.287372 0.341601 0.287982 0.328837 0.302573 0.316626 0.301254 0.309886 0.315317 0.302539 0.331701 0.299773 0.362763 0.298065 0.365104 0.297073 0.366087 0.296986 
0.45
0.365813 0.296972 0.365527 0.29698 0.366325 0.298035 0.368708 0.300964 0.371583 0.304969 0.373352 0.307075 0.375579 0.310063 0.378442 0.314101 0.38334 0.32097 0.38838 0.326064 0.397222 0.332101 0.407331 0.338044 0.42162 0.343065 0.436618 0.346994 0.450034 0.351029 0.473265 0.358755 0.487146 0.359967 0.500676 0.359989 0.513353 0.35749 0.52563 0.35606 
0.45

