27 40 1
0.548959 0.470171 0.547111 0.461204 0.544674 0.455071 0.542079 0.448091 0.536398 0.425131 0.53294 0.411052 0.53031 0.396 0.525728 0.371024 0.522274 0.355127 0.519456 0.342072 0.514253 0.322055 0.511325 0.309002 0.507203 0.294968 0.500799 0.274868 0.497351 0.259935 0.493768 0.23808 0.490919 0.224972 0.486973 0.209099 0.478662 0.18995 0.471731 0.177004 
0.45
0.463786 0.166031 0.450247 0.151949 0.439256 0.143023 0.423376 0.133945 0.41117 0.12886 0.398205 0.123928 0.379656 0.119971 0.366996 0.11812 0.35539 0.118404 0.334817 0.122937 0.320833 0.125974 0.309372 0.131027 0.298773 0.137941 0.284566 0.148997 0.277819 0.158925 0.270981 0.173015 0.269998 0.182965 0.271906 0.21097 0.273944 0.224038 0.278195 0.243045 
0.45
0.2837 0.254987 0.291737 0.267021 0.308881 0.283963 0.32079 0.291147 0.30264 0.29715 0.317246 0.304699 0.34189 0.310316 0.385265 0.316215 0.406497 0.324957 0.422384 0.331021 0.439011 0.337033 0.456001 0.341002 0.487421 0.345056 0.505204 0.347317 0.529628 0.3464 0.546655 0.345086 0.558542 0.341884 0.575251 0.331874 0.583894 0.322908 0.591433 0.311981 
0.45
0.599408 0.294069 0.603482 0.283019 0.610379 0.263981 0.614931 0.25298 0.62085 0.237 0.623754 0.226013 0.623986 0.215905 0.6215 0.202061 0.613902 0.187013 0.607606 0.177933 0.602714 0.168916 0.591844 0.154007 0.584409 0.144917 0.576513 0.135943 0.562973 0.124878 0.551173 0.117954 0.53888 0.111904 0.521915 0.102958 0.50963 0.0983689 0.497153 0.0930915 
0.45
0.485178 0.0908484 0.474532 0.088886 0.462916 0.0880251 0.446592 0.0871677 0.436254 0.0880255 0.42198 0.0889889 0.403664 0.0900688 0.392922 0.0919385 0.382281 0.0929664 0.370628 0.0960425 0.360007 0.0982335 0.337873 0.106026 0.327738 0.110013 0.317107 0.114966 0.303607 0.124964 0.296974 0.132013 0.291191 0.140001 0.282876 0.152055 0.277773 0.163001 0.272452 0.173003 
0.45
0.26455 0.191963 0.261968 0.205061 0.258207 0.219924 0.253502 0.244947 0.25201 0.260996 0.25129 0.277943 0.251811 0.302832 0.254216 0.315942 0.259298 0.33089 0.269326 0.347204 0.264748 0.359313 0.263436 0.364526 0.268287 0.369083 0.283857 0.381372 0.301017 0.39147 0.355561 0.408954 0.37801 0.423495 0.396636 0.434045 0.416476 0.443058 0.444335 0.451188 
0.45
0.46585 0.457218 0.487383 0.460461 0.522029 0.463255 0.541703 0.461886 0.567124 0.462076 0.588495 0.455828 0.602419 0.447857 0.619404 0.433984 0.6259 0.424959 0.630638 0.413053 0.63457 0.394169 0.635235 0.380168 0.635183 0.369048 0.634833 0.34997 0.633876 0.337869 0.632727 0.325941 0.630564 0.309976 0.627511 0.297979 0.624163 0.28702 0.619089 0.268033 
0.45
0.616189 0.256078 0.612965 0.245038 0.608901 0.233048 0.603209 0.216006 0.596498 0.198068 0.593424 0.187028 0.58952 0.175996 0.582875 0.158971 0.57777 0.149003 0.571786 0.139958 0.554346 0.123914 0.545252 0.117906 0.530862 0.110989 0.522779 0.106931 0.510494 0.101014 0.49893 0.0970605 0.482474 0.0930598 0.461405 0.0918468 0.451908 0.0920419 0.438357 0.0939366 
0.45
0.418592 0.0959678 0.406776 0.0979728 0.385456 0.102026 0.372036 0.105953 0.35831 0.109037 0.343394 0.11398 0.325297 0.122902 0.314594 0.129021 0.299493 0.141966 0.292059 0.15092 0.286148 0.159204 0.281341 0.171955 0.276257 0.188046 0.268483 0.214005 0.265908 0.227942 0.264935 0.240006 0.268996 0.258035 0.274647 0.269069 0.287955 0.284101 0.298401 0.294164 
0.45
0.301367 0.306388 0.282191 0.321735 0.284616 0.328353 0.298521 0.33611 0.351631 0.351801 0.37998 0.361117 0.393376 0.37016 0.414787 0.383134 0.430573 0.390937 0.446957 0.395034 0.464014 0.400001 0.486887 0.406026 0.5045 0.407538 0.522917 0.408345 0.546982 0.406024 0.567857 0.399029 0.580076 0.392921 0.591616 0.384884 0.605069 0.369923 0.61448 0.357078 
0.45
0.621337 0.345004 0.62739 0.323095 0.628673 0.309054 0.627335 0.295871 0.620808 0.274965 0.614236 0.263093 0.606164 0.25298 0.590076 0.239925 0.579415 0.233823 0.566256 0.227839 0.54492 0.221586 0.530971 0.221969 0.509156 0.224978 0.495159 0.228012 0.447167 0.247063 0.423717 0.25515 0.409889 0.259973 0.394304 0.262015 0.38159 0.261099 0.361553 0.25805 
0.45
0.351482 0.254835 0.337987 0.24902 0.321868 0.239971 0.309693 0.231936 0.292686 0.219045 0.285306 0.210954 0.278538 0.200998 0.275199 0.185029 0.276598 0.175058 0.280855 0.165959 0.288756 0.15299 0.292589 0.144994 0.297878 0.135998 0.308226 0.121969 0.317363 0.114932 0.32738 0.107956 0.327948 0.0870519 0.342138 0.0773347 0.358402 0.0624894 0.359103 0.0517086 
0.45
0.382964 0.0633911 0.421644 0.0739814 0.432276 0.0717393 0.444999 0.0742996 0.468358 0.0748889 0.47658 0.0760981 0.489669 0.0785186 0.501169 0.0646477 0.511396 0.0720231 0.52964 0.0939945 0.538026 0.0998989 0.544638 0.102975 0.552301 0.107006 0.560894 0.114912 0.56512 0.121001 0.567941 0.125055 0.570545 0.136994 0.571141 0.144027 0.570212 0.152043 0.56771 0.164951 
0.45
0.564659 0.178955 0.562059 0.1871 0.558578 0.202007 0.55736 0.211071 0.555361 0.221955 0.550837 0.22996 0.540974 0.23901 0.534429 0.246947 0.526763 0.254916 0.512704 0.265992 0.500687 0.274072 0.487 0.283976 0.471071 0.292967 0.447217 0.302994 0.430006 0.310045 0.401754 0.3181 0.383359 0.320051 0.309415 0.315041 0.291031 0.311956 0.286617 0.308651 
0.45
0.301355 0.30201 0.281583 0.290832 0.269665 0.280055 0.260272 0.269094 0.254676 0.258041 0.256037 0.241097 0.259936 0.230145 0.265721 0.22105 0.277043 0.206975 0.284574 0.195996 0.292646 0.185916 0.304958 0.169998 0.312351 0.160007 0.322127 0.150889 0.333412 0.141885 0.352736 0.129003 0.370681 0.117958 0.391556 0.106955 0.405415 0.100994 0.418996 0.0978869 
0.45
0.44515 0.0909281 0.460846 0.0889712 0.475926 0.0880356 0.487766 0.0889487 0.503222 0.091927 0.509496 0.0940363 0.520211 0.0989583 0.532716 0.106913 0.540014 0.111955 0.546701 0.117017 0.559297 0.12602 0.568196 0.132931 0.575953 0.140966 0.582602 0.150908 0.58691 0.159935 0.594579 0.174133 0.599808 0.187907 0.602452 0.198966 0.603802 0.218895 0.60295 0.231018 
0.45
0.598367 0.24392 0.595589 0.255956 0.587245 0.27598 0.580128 0.290005 0.573604 0.303036 0.562675 0.324059 0.550942 0.338976 0.515495 0.374032 0.501849 0.385018 0.475284 0.400072 0.456156 0.408008 0.436173 0.415048 0.407718 0.424052 0.387992 0.428933 0.370609 0.431069 0.350715 0.43137 0.327801 0.429906 0.284085 0.420614 0.272279 0.415717 0.273553 0.41279 
0.45
0.269802 0.413088 0.272253 0.413998 0.272412 0.414016 0.272246 0.414033 0.273271 0.414395 0.272794 0.414222 0.279169 0.41621 0.282125 0.416165 0.288756 0.416978 0.313624 0.422075 0.331776 0.427926 0.33579 0.429862 0.336831 0.42995 0.337194 0.429947 0.337299 0.428825 0.334627 0.425979 0.332994 0.422956 0.328837 0.419892 0.293349 0.409258 0.280974 0.404828 
0.45
0.266883 0.401383 0.261978 0.39673 0.262487 0.396166 0.264283 0.395893 0.264144 0.395482 0.264786 0.395826 0.264048 0.396318 0.265138 0.395858 0.266094 0.396238 0.266963 0.396028 0.267214 0.395389 0.267255 0.395995 0.267035 0.395766 0.26652 0.396287 0.265939 0.396552 0.265405 0.39675 0.266 0.396557 0.26626 0.396291 0.265183 0.396136 0.2661 0.396268 
0.45
0.265705 0.395603 
